
ERROR: linearTime_msa
[-48, -12, -46, -89, 8, 51, 96, -92, 70, -75, 58, 78, -47, -56, 75, 87, -42, -90, 86, 81, 89, -14, 72, 62, -32, -76, 76, -19, 88, -52, 17, 3, -80, -44, -96, -23, -22, 72, 23, 28, 34, -98, 81, -88, -100, 13, -86, -80, 82, -18, 44, -61, 26, -42, -54, 96, 4, -28, -37, 5, 18, -18, 37, -60, 26, 33, -15, 85, -7, 0, 42, -42, -21, -71, 92, -50, 46, -98, -19, 13, -7, -99, 40, -40, 20, -31, -31, -83, -16, -63, 96, 99, -67, -68, -8, -85, 14, -75, 68, -5]
[]
534


ERROR: linearTime_msa
[-42, -45, -73, 29, 25, 33, -42, -87, -3, 60, -84, -28, 65, -18, -75, 84, 15, -84, -89, -83, -73, 8, 14, -35, -6, -55, -83, -38, 35, -55, 72, -68, -89, -35, -41, -85, 54, 24, -32, 68, -57, 21, -93, -38, -47, -3, 43, 75, -79, 5, -62, -79, -71, -89, 2, -96, 98, 78, -41, 44, -48, 81, -7, 97, -91, -81, 80, -58, -17, 38, -62, -16, 59, -39, -85, -6, -16, -6, 58, 34, -14, 5, 62, -70, -99, 86, -98, -8, -32, 83, -70, -75, 79, 64, 91, -43, -83, -11, -87, 11]
[]
302


ERROR: linearTime_msa
[76, -85, -74, 81, -73, -88, 30, -22, -10, 63, -36, 79, -14, 98, 60, -64, -27, 81, -47, 85, -84, 85, 17, -8, 41, -83, 10, -43, -79, -28, -54, -73, 66, 27, 98, 38, -71, 72, -21, 82, 4, 81, -20, -97, -5, 35, -85, 28, -59, 1, 50, -12, 19, 48, -47, -56, -61, -19, -18, 47, -27, -71, -58, -3, 10, -75, 75, 39, 15, 68, -64, 84, -67, -67, -69, 4, -48, -22, 23, -97, -41, -8, -45, -78, 87, -52, 76, -12, -3, 20, 80, -1, 10, -24, -88, 46, 42, -85, 32, -17]
[]
376


ERROR: linearTime_msa
[49, 75, -45, 66, -34, 98, 90, 50, 38, -71, 64, 2, -44, 3, -92, -27, 17, -48, 23, 39, -100, -43, 62, -49, -8, 52, 69, 7, 27, -37, 91, 77, -100, -13, -58, 27, 12, -32, 7, -36, -9, 89, 22, 39, -2, 12, -94, -19, -61, -67, -24, -15, 97, -7, 70, -15, 43, -17, -6, 35, -78, -86, -71, -24, 45, 21, -65, 72, 36, -84, 36, -53, 47, -43, -79, 94, 33, 56, -19, -46, -91, -56, -38, -74, 9, -82, 32, -50, -55, -54, 96, 11, -77, -56, -21, 85, 3, 41, 74, -20]
[]
401


ERROR: linearTime_msa
[-92, 48, -7, 8, -58, -40, -92, -58, 88, -8, -28, -62, -75, 1, 34, 46, 64, 78, 98, -67, 20, -28, -5, 31, -25, -92, -65, -81, 77, -78, 55, 67, -100, 8, 69, -90, 92, 35, -50, 6, 15, -64, 64, -82, -2, 5, -31, -70, 4, -44, 8, 82, 34, -39, -47, 39, -48, 46, -72, -84, -49, 8, -53, -70, -5, 66, -45, -89, -55, -63, 83, 80, -61, -88, -98, -24, -89, 60, 89, -66, -32, 30, 82, 72, 2, -66, -30, 28, 49, 50, -69, 66, -92, 2, -69, -44, -92, 79, 43, -79]
[]
321

